8.150416564941406250e+01
8.151249694824218750e+01
8.152083587646484375e+01
8.152916717529296875e+01
8.153749847412109375e+01
8.154582977294921875e+01
8.155416870117187500e+01
8.156250000000000000e+01
8.157083129882812500e+01
8.157917022705078125e+01
8.158750152587890625e+01
8.159583282470703125e+01
8.160416412353515625e+01
8.161250305175781250e+01
8.162083435058593750e+01
8.162916564941406250e+01
8.163749694824218750e+01
8.164583587646484375e+01
8.165416717529296875e+01
8.166249847412109375e+01
8.167082977294921875e+01
8.167916870117187500e+01
8.168750000000000000e+01
8.169583129882812500e+01
8.170417022705078125e+01
8.171250152587890625e+01
8.172083282470703125e+01
8.172916412353515625e+01
8.173750305175781250e+01
8.174583435058593750e+01
8.175416564941406250e+01
8.176249694824218750e+01
8.177083587646484375e+01
8.177916717529296875e+01
8.178749847412109375e+01
8.179582977294921875e+01
8.180416870117187500e+01
8.181250000000000000e+01
8.182083129882812500e+01
8.182917022705078125e+01
8.183750152587890625e+01
8.184583282470703125e+01
8.185416412353515625e+01
8.186250305175781250e+01
8.187083435058593750e+01
8.187916564941406250e+01
8.188749694824218750e+01
8.189583587646484375e+01
