-4.843750000000000000e+01
-4.842916488647460938e+01
-4.842083358764648438e+01
-4.841249847412109375e+01
-4.840416717529296875e+01
-4.839583206176757812e+01
-4.838750076293945312e+01
-4.837916564941406250e+01
-4.837083435058593750e+01
-4.836249923706054688e+01
-4.835416793823242188e+01
-4.834583282470703125e+01
-4.833750152587890625e+01
-4.832916641235351562e+01
-4.832083511352539062e+01
-4.831250000000000000e+01
-4.830416488647460938e+01
-4.829583358764648438e+01
-4.828749847412109375e+01
-4.827916717529296875e+01
-4.827083206176757812e+01
-4.826250076293945312e+01
-4.825416564941406250e+01
-4.824583435058593750e+01
-4.823749923706054688e+01
-4.822916793823242188e+01
-4.822083282470703125e+01
-4.821250152587890625e+01
-4.820416641235351562e+01
-4.819583511352539062e+01
-4.818750000000000000e+01
-4.817916488647460938e+01
-4.817083358764648438e+01
-4.816249847412109375e+01
-4.815416717529296875e+01
-4.814583206176757812e+01
-4.813750076293945312e+01
-4.812916564941406250e+01
-4.812083435058593750e+01
-4.811249923706054688e+01
-4.810416793823242188e+01
-4.809583282470703125e+01
-4.808750152587890625e+01
-4.807916641235351562e+01
-4.807083511352539062e+01
-4.806250000000000000e+01
-4.805416488647460938e+01
-4.804583358764648438e+01
-4.803749847412109375e+01
-4.802916717529296875e+01
-4.802083206176757812e+01
-4.801250076293945312e+01
-4.800416564941406250e+01
-4.799583435058593750e+01
-4.798749923706054688e+01
-4.797916793823242188e+01
-4.797083282470703125e+01
-4.796250152587890625e+01
-4.795416641235351562e+01
-4.794583511352539062e+01
-4.793750000000000000e+01
-4.792916488647460938e+01
-4.792083358764648438e+01
-4.791249847412109375e+01
-4.790416717529296875e+01
-4.789583206176757812e+01
-4.788750076293945312e+01
-4.787916564941406250e+01
-4.787083435058593750e+01
-4.786249923706054688e+01
-4.785416793823242188e+01
-4.784583282470703125e+01
-4.783750152587890625e+01
-4.782916641235351562e+01
-4.782083511352539062e+01
-4.781250000000000000e+01
-4.780416488647460938e+01
-4.779583358764648438e+01
-4.778749847412109375e+01
-4.777916717529296875e+01
-4.777083206176757812e+01
-4.776250076293945312e+01
-4.775416564941406250e+01
-4.774583435058593750e+01
-4.773749923706054688e+01
-4.772916793823242188e+01
-4.772083282470703125e+01
-4.771250152587890625e+01
-4.770416641235351562e+01
-4.769583511352539062e+01
-4.768750000000000000e+01
-4.767916488647460938e+01
-4.767083358764648438e+01
-4.766249847412109375e+01
-4.765416717529296875e+01
-4.764583206176757812e+01
-4.763750076293945312e+01
-4.762916564941406250e+01
-4.762083435058593750e+01
-4.761249923706054688e+01
-4.760416793823242188e+01
-4.759583282470703125e+01
-4.758750152587890625e+01
-4.757916641235351562e+01
-4.757083511352539062e+01
-4.756250000000000000e+01
-4.755416488647460938e+01
-4.754583358764648438e+01
-4.753749847412109375e+01
-4.752916717529296875e+01
-4.752083206176757812e+01
-4.751250076293945312e+01
-4.750416564941406250e+01
-4.749583435058593750e+01
-4.748749923706054688e+01
-4.747916793823242188e+01
-4.747083282470703125e+01
-4.746250152587890625e+01
-4.745416641235351562e+01
-4.744583511352539062e+01
-4.743750000000000000e+01
-4.742916488647460938e+01
-4.742083358764648438e+01
-4.741249847412109375e+01
-4.740416717529296875e+01
-4.739583206176757812e+01
-4.738750076293945312e+01
-4.737916564941406250e+01
-4.737083435058593750e+01
-4.736249923706054688e+01
-4.735416793823242188e+01
-4.734583282470703125e+01
-4.733750152587890625e+01
-4.732916641235351562e+01
-4.732083511352539062e+01
-4.731250000000000000e+01
-4.730416488647460938e+01
-4.729583358764648438e+01
-4.728749847412109375e+01
-4.727916717529296875e+01
-4.727083206176757812e+01
-4.726250076293945312e+01
-4.725416564941406250e+01
-4.724583435058593750e+01
-4.723749923706054688e+01
-4.722916793823242188e+01
-4.722083282470703125e+01
-4.721250152587890625e+01
-4.720416641235351562e+01
-4.719583511352539062e+01
-4.718750000000000000e+01
-4.717916488647460938e+01
-4.717083358764648438e+01
-4.716249847412109375e+01
-4.715416717529296875e+01
-4.714583206176757812e+01
-4.713750076293945312e+01
-4.712916564941406250e+01
-4.712083435058593750e+01
-4.711249923706054688e+01
-4.710416793823242188e+01
-4.709583282470703125e+01
-4.708750152587890625e+01
-4.707916641235351562e+01
-4.707083511352539062e+01
-4.706250000000000000e+01
-4.705416488647460938e+01
-4.704583358764648438e+01
-4.703749847412109375e+01
-4.702916717529296875e+01
-4.702083206176757812e+01
-4.701250076293945312e+01
-4.700416564941406250e+01
-4.699583435058593750e+01
-4.698749923706054688e+01
-4.697916793823242188e+01
-4.697083282470703125e+01
-4.696250152587890625e+01
-4.695416641235351562e+01
-4.694583511352539062e+01
-4.693750000000000000e+01
-4.692916488647460938e+01
-4.692083358764648438e+01
-4.691249847412109375e+01
-4.690416717529296875e+01
-4.689583206176757812e+01
-4.688750076293945312e+01
-4.687916564941406250e+01
-4.687083435058593750e+01
-4.686249923706054688e+01
-4.685416793823242188e+01
-4.684583282470703125e+01
-4.683750152587890625e+01
-4.682916641235351562e+01
-4.682083511352539062e+01
-4.681250000000000000e+01
-4.680416488647460938e+01
-4.679583358764648438e+01
-4.678749847412109375e+01
-4.677916717529296875e+01
-4.677083206176757812e+01
-4.676250076293945312e+01
-4.675416564941406250e+01
-4.674583435058593750e+01
-4.673749923706054688e+01
-4.672916793823242188e+01
-4.672083282470703125e+01
-4.671250152587890625e+01
-4.670416641235351562e+01
-4.669583511352539062e+01
-4.668750000000000000e+01
-4.667916488647460938e+01
-4.667083358764648438e+01
-4.666249847412109375e+01
-4.665416717529296875e+01
-4.664583206176757812e+01
-4.663750076293945312e+01
-4.662916564941406250e+01
-4.662083435058593750e+01
-4.661249923706054688e+01
-4.660416793823242188e+01
-4.659583282470703125e+01
-4.658750152587890625e+01
-4.657916641235351562e+01
-4.657083511352539062e+01
-4.656250000000000000e+01
-4.655416488647460938e+01
-4.654583358764648438e+01
-4.653749847412109375e+01
-4.652916717529296875e+01
-4.652083206176757812e+01
